.Random.seed <-
c(10403L, 10L, 962129827L, -651733262L, -1743511996L, -583188217L, 
-302548771L, 1435561428L, 255582458L, -1122109371L, -1713864545L, 
-1171314138L, 1440882352L, -2045918381L, -115036559L, -503540832L, 
-764660930L, 188226121L, 658812667L, 223424202L, -41111508L, 
619530287L, -2065139483L, 1440518556L, -1065370638L, 545605229L, 
-1144990809L, 280153550L, -1980953816L, -1839726293L, -1379484855L, 
1108361304L, -1721731834L, -1361026847L, 1553979507L, -54348574L, 
582714452L, 1786095959L, -2033268403L, 17657060L, 32428234L, 
-2048737995L, -1786752113L, 1178683542L, -350136256L, 742408451L, 
1138142497L, 367459856L, -1199649298L, -1149419111L, -493580757L, 
1398380314L, -1057722916L, -1103342625L, -132328523L, 1667837260L, 
988957602L, 232137469L, 2104343543L, 1251779870L, 480643032L, 
-986998469L, 1330687705L, 283181672L, 1213457302L, -1046788335L, 
1101930691L, 318046418L, -1609702044L, 1339267239L, -222745091L, 
1838174196L, -1026443046L, 1777875493L, 567908159L, 280564934L, 
1875511632L, -927925901L, -472906863L, -960358976L, 1277104030L, 
-1449905815L, 862667163L, -1485343574L, 1163506380L, -940295281L, 
-622788667L, 1162650492L, 994810834L, 1733106509L, -524785145L, 
557562350L, -2135436088L, 1544027083L, 504753705L, 1446257784L, 
-1702633050L, -1351547967L, 1057992787L, 397244162L, 175325748L, 
-894519369L, 1969432493L, 299062468L, -762160918L, 1032912725L, 
456626415L, 1615353590L, 1849426464L, 1165920227L, 631860353L, 
-1860064528L, 1422860686L, -987672839L, -2020639605L, 844588218L, 
-1668644932L, 1545174271L, 620056661L, 1030292332L, 58391490L, 
-2020529123L, -242971497L, -691557890L, -1109677640L, -1067768421L, 
-1990685703L, 201659208L, 604929654L, 1424963505L, 1115212259L, 
89513650L, -1317858556L, 259706951L, 2083092253L, -1921741420L, 
521826618L, 1772703109L, -1827682721L, 1670295782L, 1849029488L, 
567432339L, 877089073L, -1301334048L, 363412606L, -5296375L, 
1397059899L, -697740022L, 321424620L, 2115434863L, 920780453L, 
1030869084L, -1117648846L, -1594114259L, 1397411303L, -804335346L, 
-67488024L, 604854507L, 1188174217L, -815732456L, 367721542L, 
99861665L, 982166323L, -1530572126L, 261794196L, 1846229015L, 
-1842520051L, 1021682980L, 299606282L, 467146869L, 1169732559L, 
1654129878L, -2125982592L, -1599739197L, -1681034143L, 558183632L, 
-1935071698L, 1063950297L, 623982571L, -548622758L, -1095423972L, 
1738716447L, 2002810229L, -982891508L, 420644322L, -1213565251L, 
1222562103L, -2114259490L, 1757817624L, -1808358789L, -252751847L, 
383748264L, 547973718L, -1020274991L, -685484413L, -1199518446L, 
238999716L, 576215143L, 1189386685L, -41979084L, -709338982L, 
999816933L, 1581750399L, 654561798L, -1215906416L, -420175821L, 
-74133551L, 258065792L, 741541982L, -188209239L, -1778868645L, 
-51756438L, 1037692684L, -23656113L, -1289473531L, 435101884L, 
959220114L, -2088312179L, -1773809465L, 375776686L, -737054712L, 
-703880181L, -350461719L, 261562296L, 1992636518L, -1229051647L, 
-2061279341L, -1137430462L, 629012468L, 810513266L, 396351088L, 
-1023613916L, 529706808L, -296773478L, -231838000L, 593415356L, 
949963412L, -948673918L, 422449344L, 1778386236L, 1611094160L, 
-2060593630L, 1072738824L, -1175503604L, -1611906404L, 519861778L, 
-1599399552L, -2094917100L, -950084056L, -347610822L, -1197888560L, 
-1664397716L, -1687010508L, -2092801390L, -1654200992L, -1992794804L, 
500036576L, -140783710L, -878084184L, -389748852L, 422349500L, 
1523073906L, 130885872L, 1802064964L, -787712680L, -1025118150L, 
-1711615120L, 1572815932L, 2050018068L, -1781885502L, -780776224L, 
-1292329092L, -1124702512L, 1367456418L, -1080282072L, -2052103924L, 
1910840252L, -748557006L, -1863284800L, -395934156L, 951931848L, 
-2011566918L, -854073456L, 1474478572L, -481549228L, 1465588370L, 
-423474400L, 729475532L, 1043760096L, 1102008002L, -1467259352L, 
500973228L, 926543548L, 1717408242L, -995569360L, -561932124L, 
-528983368L, -221378726L, -475636336L, -319361668L, -1164998380L, 
1057903938L, -476728576L, 1155941308L, 1284092752L, -971944670L, 
78952776L, 1272687628L, 684450908L, 1736393938L, 602551296L, 
2078586708L, 1120057832L, -1543863302L, -762862896L, 258010412L, 
-1936554764L, -207109230L, -306228128L, -4028148L, -1584643360L, 
1886457186L, -425507160L, -1640587700L, 1253696380L, 91778866L, 
-1995240848L, 1240547652L, 2132768728L, 512463994L, -427095504L, 
-1283443012L, -47515820L, 996689474L, -1743628384L, 1039770812L, 
-1725013552L, 2126344546L, 1521119208L, 1657328588L, 29730556L, 
-936393742L, -2018202496L, -99448588L, -515547000L, 902693178L, 
-2056230064L, 1061896300L, 680574100L, -1379056302L, 2144701152L, 
-1890513716L, 833811616L, -654248574L, -959896344L, 1926169836L, 
-886736836L, 1376316530L, -585491344L, -395546076L, -1050868168L, 
602055194L, 829279440L, 354725436L, -200271724L, -471808894L, 
-1344175168L, 1201940796L, -185119088L, 1230820386L, 1924726792L, 
518956172L, 1655462940L, 157474962L, 182443136L, 1757039636L, 
-833136856L, 1381122106L, -1488594736L, -668118932L, 966231732L, 
663473170L, 1151034336L, -638389300L, -987145760L, 1953802274L, 
776252712L, 1823813900L, -1063955908L, 2028087538L, 2112793840L, 
977944388L, -243082152L, -918426054L, -491734800L, 1157826236L, 
-1687674348L, 120190146L, -1905378720L, -113970820L, 1073786064L, 
-1485901790L, -660155224L, -1400458868L, -1374453316L, 1241861170L, 
896413504L, -1314698572L, -1539470008L, 850376378L, 608353040L, 
1017301228L, 1099410516L, 1498383122L, 475917728L, 1008572364L, 
341764960L, -906744638L, -1830673880L, 278207916L, 1884988220L, 
-104288398L, 938352432L, 138378276L, -1300508104L, 1123174106L, 
728228752L, -676097796L, -1482823276L, 1393900354L, -21450240L, 
-168528836L, 740895312L, -1947413342L, -1821595832L, 257484300L, 
1796904668L, -978591662L, 732532864L, 357970772L, 1109677032L, 
-1610657030L, -1333850288L, 1890324524L, 654938484L, -1149015406L, 
-159133088L, -738263924L, 1584999776L, -962690846L, -509126488L, 
1673937612L, 337331708L, -5580878L, 17838064L, 1231257028L, -2098275363L, 
1921588967L, 1072766736L, 1989602862L, 1737168091L, -1122928195L, 
-76204246L, 1203818440L, 1088660721L, 206264931L, -494748060L, 
2041562514L, 623227495L, 987769393L, 517621622L, -628659052L, 
-1312390491L, -662073425L, 1370164328L, -172826554L, 914933235L, 
-218853035L, 1513513778L, -180193536L, 2034148329L, -489800101L, 
2024038572L, 179119802L, 1445532783L, -2073865735L, 1717462158L, 
432000348L, -71950899L, 678781239L, -294073408L, -1478335330L, 
2126252395L, -1785171731L, -1805711014L, 656396824L, 281710465L, 
-1623106253L, 1411634004L, -513292958L, -30730761L, -1519649215L, 
616217286L, 686902276L, 2132790197L, -83762017L, 1691963640L, 
1654810838L, 1831960931L, -1551430363L, -1182098750L, -742025296L, 
-568849447L, -476371637L, -1278114884L, 1127615466L, -252146657L, 
-139359575L, -395936194L, 653407020L, -2025480835L, -1068089L, 
1018094256L, -829595442L, 1661696507L, -1385227683L, 1650374026L, 
-985526872L, -1442172143L, -1070808573L, -355379964L, 324710706L, 
710942599L, 1629597137L, -304783530L, 607960372L, -177007547L, 
1366949007L, -386278904L, 260519462L, 1111338707L, -1246093259L, 
-660328558L, -512061600L, 1012185801L, -1746940421L, 1711856076L, 
-1073557414L, -970896049L, -104561639L, 1788135982L, 781035580L, 
-327000659L, -1945952681L, -470487136L, 358272254L, -654381109L, 
-2131490355L, 544181498L, -1140048072L, -825815839L, -592822381L, 
-1445456972L, -1103701822L, -286139177L, 618535201L, -539741978L, 
1095079396L, 1300123925L, -1679726273L, 845362392L, -775004938L, 
-2100730109L, -2112937915L, -1533558686L, 1403488208L, 1078271225L, 
2136987179L, 68428188L, 1191444938L, 275423935L, -1978297335L, 
-1722702562L, -1189222196L, -1399317347L, -1388035801L, 314698576L, 
-648636946L, -1854451045L, 1491211517L, -495223830L, -986252152L, 
54420017L, -367102813L, -633292636L, -1527150254L, -1276595033L, 
2006511857L, -2121955274L, 733395156L, -1669002139L, 358385263L, 
-1290925912L, -263514618L, -431524045L, -819465323L, 1060227058L, 
